time,x,y,z,phi,theta,psi,x_velocity,y_velocity,z_velocity,phi_velocity,theta_velocity,psi_velocity,rotor_speed1,rotor_speed2,rotor_speed3,rotor_speed4
0.06,3.6205654399217946e-08,-1.0198738668645266e-08,10.009294404710351,6.283174906899561,6.282825703298297,0.0,1.975625157180107e-05,-1.0289499240843423e-06,0.30978086992209536,-0.0005223219425454493,-0.022022181414062078,0.0,500.2599104052215,498.654148605473,498.65484500629105,498.61669885634024
0.12000000000000001,1.5570086862772998e-05,-2.6518270860425914e-07,10.034200328987698,0.00013339981232629583,6.281635760387621,0.0,0.0006462580110390102,-1.5132748329282394e-07,0.5203438540410976,0.007675084020062131,-0.01577803303397096,0.0,471.64586581777485,472.1278483602476,469.4036693166152,470.0392297450106
0.18,9.630605869189097e-05,5.624901254812039e-06,10.072055681175364,0.0010198836365624686,6.280611515631579,0.0,0.0021627619801276865,0.00028063316127182106,0.7413835397296562,0.026134203522518024,-0.01979016603103973,0.0,474.433417631827,474.12541212578935,473.1414500307077,474.56015954664275
0.23999999999999996,0.00029334739346228436,5.4374878857772485e-05,10.123183646761735,0.0026592236436044914,6.279867014768747,0.0,0.004517075483955999,0.0015366640824698843,0.9627211760285482,0.029598257645999746,-0.0006863109275778113,0.0,474.3571403313383,475.8217982771856,473.6297442839585,473.8961818183505
0.3,0.0006427841025759385,0.00021724558021807335,10.186938169006357,0.0044440086321957395,6.279339726267683,0.0,0.0071522309840335455,0.004099640790309514,1.162247270266092,0.030041050554724027,-0.03454495425072146,0.0,469.12383578994337,466.4877236539156,468.8962593518513,468.9308773273854
0.36000000000000004,0.0011652435977356618,0.0005704062695319934,10.261068888695714,0.007347566616488166,6.276931617897947,0.0,0.010502632912983308,0.007943040281353675,1.3086178796715526,0.07106380775578905,-0.05469554419448178,0.0,453.56603710769394,451.9440832668169,451.04879894808164,454.3505277604175
0.4200000000000001,0.0019376729032099082,0.0012158234617092938,10.342682718687398,0.011539673497905412,6.273797465782366,0.0,0.015572443424752296,0.014003147054070318,1.4117149494363044,0.06736503076341027,-0.04772335646966777,0.0,440.0429671938483,440.6178761215047,439.0284000998849,438.725214524246
0.48000000000000015,0.003075892789870875,0.0023087339718519317,10.430285519601656,0.015689168160522904,6.270983131048766,0.0,0.02265507100184843,0.02284152396955698,1.508247251224183,0.07252130863158321,-0.04531873334692539,0.0,437.19887469298624,437.3978034030448,438.1031757532903,438.53534430699153
0.5400000000000001,0.004673239484826501,0.003988222014215841,10.521857440614989,0.01992361099209905,6.2683210982925885,0.0,0.030838061698098742,0.03353795322481254,1.5440917687789886,0.06636600891461995,-0.04252957085470456,0.0,418.5933902882451,418.8347623836553,418.3374168672584,417.80528973192963
0.6000000000000002,0.006892197053651935,0.006497298388836932,10.620880620822444,0.024037461105036684,6.265354928117604,0.0,0.04344281662761607,0.05057203850930716,1.75636336873674,0.07263123435530668,-0.06914702639372848,0.0,474.38672692630087,472.337034229269,473.4916852623835,473.9766161563798
0.6600000000000003,0.009917768607192266,0.010094425389641165,10.731239105232238,0.02869897204264049,6.262427668585264,0.0,0.05778147256804504,0.06983083873507862,1.921967896452199,0.08625985825171617,-0.024610022541913048,0.0,458.77214850919444,462.2926318865212,459.55992520682844,460.64335746369727
0.7200000000000003,0.01383817458990602,0.0149249354264233,10.850453534816799,0.03471417559380807,6.260999882994135,0.0,0.07304839594281444,0.091784133191953,2.0515991475324435,0.11918796586639452,-0.02221714002607844,0.0,449.9315860894487,450.1252042185401,448.4785237717065,451.1529863812945
0.7800000000000004,0.018665615208461158,0.021146524041426636,10.975695759142482,0.04233612766777828,6.2597235599447885,0.0,0.08799075069900092,0.11632260726871435,2.122979224677142,0.13932772643442445,-0.019446046912405656,0.0,431.82331277293974,432.0569815533647,431.3448591728666,433.057156640511
0.8400000000000004,0.024436362467796926,0.029035967768530725,11.106143501194502,0.05064472256269781,6.258204570507203,0.0,0.10449621239470307,0.14750253049571596,2.2250401481557387,0.13671959298974146,-0.04088585276712296,0.0,443.34383543221986,441.5786336422483,442.0734778855576,441.87642482814914
0.9000000000000005,0.031126248729553718,0.038747318772562454,11.238480175814823,0.05905871881953928,6.255570315937444,0.0,0.11870844362528842,0.17688983390522903,2.1862114179364283,0.14646210067728932,-0.0507498099725651,0.0,396.93495604958684,396.0273519763456,394.815584432016,395.73427100464414
0.9600000000000005,0.038764598687436196,0.05047127284205519,11.370273630903826,0.06743003213390875,6.252722775624829,0.0,0.13616742763623202,0.21468464492032982,2.20680156125825,0.11968801737931509,-0.04158014418490939,0.0,416.11422259130933,416.91458666595986,417.13843363623624,414.81291930268856
1.0200000000000005,0.04759813624968772,0.06482739935832833,11.506439848010595,0.07493712695392585,6.25054763364507,0.0,0.15852106130631485,0.264611979464605,2.331754112972301,0.13421117019814494,-0.027298707140544602,0.0,450.3468253115783,451.4998486135738,448.6979674465165,449.8893143319327
1.0800000000000005,0.057736089922237055,0.08215762354405758,11.647666527697801,0.08243832430195575,6.249192451936548,0.0,0.17954617711943205,0.313795947769978,2.3756381108283127,0.09137276388886006,-0.014522844555554902,0.0,424.74127433174476,425.83543989973174,426.37724402957593,422.71558905830517
1.1400000000000006,0.06928753685799764,0.10288546509580296,11.795266991884763,0.08813483025403368,6.248154697012875,0.0,0.2055950749121308,0.37772601003422485,2.5439461210707144,0.10126016262918397,-0.023515609435407266,0.0,464.82942038205704,464.1242646061807,463.9127900063906,464.69567340982445
1.2000000000000006,0.0824195406748929,0.12756086266185254,11.95272327364504,0.09499732986922371,6.2465154931945115,0.0,0.23229220418644989,0.4454762228052364,2.704140336204105,0.1324692084671651,-0.03628689087395027,0.0,463.66151968463925,462.6569256630143,461.3159171975836,463.78423798087147
1.2600000000000007,0.09718236628418085,0.1564341316330872,12.119493718295564,0.10272799571832181,6.24380233288192,0.0,0.26004053480066774,0.5177838421925105,2.8543930609942083,0.12038679847673817,-0.07665417324357744,0.0,462.585555658274,459.39424659300164,461.1166591554396,460.1756775563794
1.3200000000000007,0.11360343602819958,0.1896146462616609,12.293353114216526,0.1102277345564957,6.239440082825775,0.0,0.2877671259993844,0.5889388786220024,2.9405778380933167,0.13290000840683572,-0.06579151432907204,0.0,442.14034201035975,443.0302195495033,440.771003675139,441.81814424133034
1.3800000000000008,0.1316631842845591,0.22693867188403505,12.469876927024506,0.11809515600626419,6.235081820474942,0.0,0.3145830247977244,0.6558788874454127,2.943417478092646,0.1273151567990095,-0.09207827114904593,0.0,416.92918886200664,414.62128024666623,415.2642330122183,414.7911362996812
1.4400000000000008,0.15162593643705968,0.2689279289357171,12.650814252750823,0.12562884869768443,6.2294410633845025,0.0,0.35142988330187797,0.7445257443080802,3.0872755092935433,0.12180507422787402,-0.09818950765586393,0.0,461.07345372084757,460.5832137938186,461.3215427280613,460.899958271404
1.5000000000000009,0.1739387265475399,0.31642798030360336,12.840590613657797,0.13268913843315566,6.2233603603768834,0.0,0.39296255942675506,0.8395254923647235,3.2379976727979054,0.10777220077881805,-0.10854400090212915,0.0,463.8913790437793,463.0690748011734,465.4945865245886,464.40680945811846
1.560000000000001,0.1985546516248458,0.3690647393307025,13.034082496341831,0.1391401001068573,6.217257122860907,0.0,0.42809688074506136,0.9155610164421575,3.211655994928049,0.10699915117582745,-0.09072860494562984,0.0,408.0332635597085,409.61055335573684,407.77663497984406,407.71886643403315
1.620000000000001,0.22564486244834706,0.42692366340079363,13.229895679165319,0.14580530288650362,6.211737068630374,0.0,0.47545116718610475,1.0136735085555888,3.3149588467871136,0.11820814422640032,-0.09467325912967639,0.0,451.222400714232,450.89682886922037,450.65365965590036,451.56946412732526
1.680000000000001,0.2556747599842082,0.4907704045662652,13.431635684133218,0.15294192153493213,6.206011116990503,0.0,0.5261004302860611,1.1151989814597896,3.409208394089207,0.12037415119118589,-0.09699480434936127,0.0,448.91214081041375,448.7160546044435,449.7148758864916,449.90283030113136
1.740000000000001,0.2889783425565717,0.56108069645874,13.640461148014436,0.1614634610179051,6.2000678343203806,0.0,0.584618012091001,1.2292439774211814,3.550930364555726,0.16709981133402343,-0.10352663078692124,0.0,464.7170882782565,464.1967848621847,463.9167198434421,467.5876305118525
1.8000000000000012,0.32586723686254787,0.6383122700702845,13.857063997593281,0.1716662268970497,6.193896603018029,0.0,0.6456236506308435,1.3460960932669663,3.668453599252355,0.17536198452922658,-0.10154220780261848,0.0,459.6962618112756,459.84468597863133,458.3279362623007,459.0108164086868
1.8600000000000012,0.36614370602170915,0.7220002255219559,14.076289572847516,0.18285103352923482,6.188690597804225,0.0,0.6973876200016315,1.444380868886849,3.6388603417777325,0.2023973620778504,-0.0671113121520558,0.0,411.4258047025472,414.4557563079151,411.34613312327383,413.7693258257822
1.9200000000000013,0.40998960298650483,0.812507117639507,14.297620673528552,0.1944392418658083,6.1845726955106635,0.0,0.7645135757789691,1.5736268479204125,3.7381113862389843,0.15888079122168672,-0.07185866251997222,0.0,456.07383248280286,455.69103903228637,457.0925896970545,453.64482162110227
1.9800000000000013,0.45853390328628074,0.912136200519017,14.530610727105561,0.20447544829467468,6.180778543955656,0.0,0.8540344475408687,1.7483473791893978,4.026739011428751,0.18023065468522945,-0.049984474762969563,0.0,512.6049646416851,514.1546373375108,511.99339180834244,513.5324935869415
2.0400000000000014,0.5119834591047453,1.0213981565146215,14.775541207538678,0.21510672658905783,6.177474226652592,0.0,0.9278781554595592,1.8946715982337776,4.136763862952436,0.1702887533536394,-0.0679239802698044,0.0,465.28447811835434,463.87575320845684,462.8980788419066,462.1438503172132
2.1000000000000014,0.5698680105431665,1.139515501955549,15.026387240894287,0.22655251871462134,6.173086897564895,0.0,1.00197152552783,2.043516545933906,4.223956705107812,0.2150037346540633,-0.08633683242392654,0.0,459.2711707573899,457.80416094426675,456.1288299610785,459.7184882075784
2.1600000000000015,0.6319385853284429,1.26607679824585,15.27931674900367,0.23976568483381033,6.168040123905449,0.0,1.067467084966828,2.176224062900734,4.206582610373378,0.22900074743698193,-0.08000220478274447,0.0,425.5423650340385,426.0781960903763,425.4173304634632,426.6643033496486
2.2200000000000015,0.6981998301814164,1.4011807986683553,15.532597946090247,0.2538160374020375,6.162918332511246,0.0,1.1416527003525045,2.3283781564749413,4.235402397501879,0.2428900715606878,-0.09912333513291909,0.0,442.5801623256364,440.99713741490126,442.46092193590647,443.6575675467309
2.2800000000000016,0.7691226174013956,1.5458963374447257,15.788407853859606,0.26842651213887425,6.1568665890931875,0.0,1.222957436163586,2.4966738934445316,4.290656990256734,0.24471336329495408,-0.10458626164761729,0.0,452.93258830105736,452.4843588084395,452.5837657301604,452.78861602870313
2.3400000000000016,0.8449018225090998,1.7006836853372775,16.046378439856234,0.2831264003025149,6.1507801903213455,0.0,1.3035290782378797,2.6640515364244286,4.307551387858935,0.24556051834219203,-0.09579608018065768,0.0,441.8309945266801,442.54620284326205,442.23422262545057,442.3643868210397
2.4000000000000017,0.9257469635719272,1.866020753158119,16.3061375805058,0.29755678053492396,6.144717633037098,0.0,1.3917944069882173,2.8483205599176906,4.350091500550576,0.22779084470867772,-0.1144142055968231,0.0,454.0405022724906,452.53529845564947,452.4392248722574,451.06252275889534
2.4600000000000017,1.0123626423320846,2.043410278489848,16.570754734985663,0.3114027058157447,6.13776182327852,0.0,1.4960032903633638,3.0657270649056816,4.469021749187188,0.2361248839281476,-0.11914568122356346,0.0,479.6868498053485,479.3164057804484,478.1087767583401,478.79211635536376
2.520000000000002,1.1049616962227717,2.2332388133191508,16.83967841081428,0.3262439846982996,6.130674540956189,0.0,1.5912120372063916,3.2629392126361423,4.49404009058897,0.26352123004676664,-0.11614948087140467,0.0,452.63105309829797,452.8599024812892,450.3861452237419,452.65595191541155
2.580000000000002,1.2028754132058592,2.4340494281879748,17.106749788534668,0.3420147527383772,6.12362830359233,0.0,1.6731022642232338,3.431802705157282,4.407806808980336,0.2614637614364281,-0.12014327298405177,0.0,416.93748292039294,416.57494945876095,415.8219996900786,415.7165066868812
2.640000000000002,1.3065657629942067,2.64677871670565,17.372924112589757,0.35757708285620726,6.116610760263399,0.0,1.7838069771974419,3.6602575451080956,4.463249424480758,0.2548323203059046,-0.11125464274944018,0.0,466.23176207227203,466.91423424687457,465.7356646953484,465.2809413885856
2.700000000000002,1.4163310702690102,2.8720207139425384,17.638401067316295,0.37274869302955516,6.110323975901757,0.0,1.8755037603207294,3.8487700083761704,4.38530883050528,0.24860131961802046,-0.09424940926182147,0.0,422.5704244100365,424.0237234202252,424.361086973543,423.89329475215055
2.760000000000002,1.531768804814409,3.108935754476867,17.899500462988986,0.3877299888583421,6.104292872858942,0.0,1.9728249950701429,4.04930997242627,4.317235292387143,0.251773760809222,-0.11757928030220773,0.0,429.86130017404224,427.86983441845496,428.75703773363756,429.091474264297
2.820000000000002,1.653435942780456,3.3586935209475803,18.157881235532702,0.4027447044152952,6.097071399188717,0.0,2.0832578368696417,4.276822978635285,4.294314780401037,0.24700559562432398,-0.1265850966073154,0.0,446.5640184468573,445.8155847582283,447.4019353998379,447.07583538054087
2.880000000000002,1.782019080359519,3.622657832741802,18.415548703170515,0.41761589741332017,6.090041646188748,0.0,2.2033573253842675,4.522788738564882,4.293249408147532,0.24949337162839585,-0.10297711304858316,0.0,455.534925648155,457.4069213635308,457.2388953286597,457.4967022526434
2.940000000000002,1.9182386824246793,3.902239851541427,18.674443669527008,0.4322619353825523,6.083765949474913,0.0,2.3376803760723996,4.797350699595539,4.334887687851645,0.23025857274798534,-0.10804152209225402,0.0,474.7486873612766,474.35106789609216,474.9230862494711,473.5003202562698
3.000000000000002,2.062074054683449,4.197352999031695,18.933168894413622,0.44683274772355475,6.077743755371092,0.0,2.457213081913447,5.040419893015812,4.2881217817271615,0.26040754584452724,-0.08828877571752541,0.0,446.9928672242337,448.5912105702295,446.877569175296,449.3860438056298
3.0600000000000023,2.2135392238090312,4.508000416565636,19.19052103401894,0.4628129097294762,6.071957857124531,0.0,2.5918934767002497,5.315210257727196,4.28864415282657,0.2761135304122662,-0.12239028434792258,0.0,468.88919136509,466.22370249327685,466.37073863981186,467.6634771766699
3.1200000000000023,2.372827296492087,4.834603380402707,19.446219170937933,0.4788438638357366,6.064228205903717,0.0,2.7181588091927527,5.572256782469354,4.2332074650770855,0.23591471714579357,-0.14654809388891002,0.0,452.1596791364607,450.1934018734132,453.7858767887218,450.61523379766305
3.1800000000000024,2.5394552973339515,5.176062023020482,19.69698941785899,0.49296974833958185,6.056457057843234,0.0,2.836609967415427,5.810204436847261,4.1247987350460305,0.23444884833300408,-0.10792242763023843,0.0,433.99444694564147,437.2083693428081,435.7585315602619,435.69241721684887
3.2400000000000024,2.712466851094418,5.530233493088664,19.937975808608385,0.5067888929691282,6.050042801821691,0.0,2.930841207413244,5.996109893618685,3.9078634344097445,0.22044323633032753,-0.10494361438211222,0.0,395.46674885881237,395.72954852139566,395.8129682917089,394.5813410027656
3.3000000000000025,2.8918607580340088,5.897000218295086,20.168277095201976,0.5197980614899302,6.04393303479484,0.0,3.0492836148578357,6.229840363768824,3.768060185312046,0.20837259805787195,-0.09623751785967932,0.0,426.5062227698067,427.2398572544405,427.7410831009993,426.7600253019316
3.3600000000000025,3.0792159285004566,6.279475535207986,20.39283450085775,0.5322179390822885,6.037835772164911,0.0,3.1961149788008805,6.519476337404225,3.715744687671991,0.20410166271376254,-0.11545526887595373,0.0,462.17939808274883,460.6531091188979,462.5705530015926,462.2743108355269
3.4200000000000026,3.274491214105717,6.677445381824772,20.61074152930896,0.5441631816315491,6.03046127964808,0.0,3.3134404154700796,6.746443959592591,3.5471818875546446,0.18649531863938387,-0.14513391723833982,0.0,422.65442906838274,420.0726285612118,421.84783039618696,420.36522243943267
3.4800000000000026,3.4771323163134875,7.089557731064919,20.819197432720884,0.5549137487687652,6.021371727272957,0.0,3.4417495780730114,6.99069367517951,3.4005145945392887,0.1576164336760386,-0.16889418308611095,0.0,433.6635885555722,431.6396747013623,431.94856599071846,429.5369363493052
3.5400000000000027,3.687727944982897,7.516618949713152,21.019162575992677,0.5643809945596718,6.011323920528135,0.0,3.578669817330961,7.244531680902641,3.2640989239482234,0.1581268039121174,-0.16474903369583246,0.0,438.3285434213634,438.64574151452433,437.25152264583124,437.3180943233034
3.6000000000000028,3.907056276331701,7.959653302091445,21.2119835569134,0.5737056936960201,6.00145123177302,0.0,3.732782257689578,7.522964107293843,3.1620694142333896,0.14934644916394813,-0.1641400194299236,0.0,453.98714033072395,454.0108160624774,453.5274935081306,452.8437968199504
3.660000000000003,4.1352129908937485,8.418354831558771,21.396948260748708,0.5832558577515279,5.9912220307159885,0.0,3.8729582381432435,7.766873174862072,3.002630609816146,0.17380762535350647,-0.18783661119561662,0.0,434.858999558484,432.83949692271796,433.3258705340522,435.4020828166933
3.720000000000003,4.372200291412892,8.89221483452347,21.573031881072133,0.594083864813812,5.980154203238847,0.0,4.027172830701633,8.028163792442445,2.8656743647060825,0.19123624526503583,-0.1784604761144258,0.0,444.98706608094096,445.7212011120386,444.8450683462589,446.301448029138
3.780000000000003,4.618752769205946,9.382060660189603,21.74120309222797,0.6055728784576342,5.969436248806197,0.0,4.1917104412799535,8.299679454122831,2.738689634591033,0.19197287692291234,-0.1789784876915341,0.0,452.1887903639349,452.1168434373451,452.96514166290285,453.0593432056971
3.840000000000003,4.8743766061683065,9.88656129620618,21.89923858536034,0.6173560340282558,5.958636749735547,0.0,4.329582974601551,8.516872253113188,2.528462163023576,0.20399440814597108,-0.18209580578911788,0.0,422.5629336185547,422.2608501867002,420.86020876705544,421.9395872623285
3.900000000000003,5.140062935850599,10.40696411511995,22.048580492124525,0.6292976446993315,5.9482045601576665,0.0,4.52694782776733,8.829229042766627,2.447667403601345,0.1865855394745445,-0.16110881925504683,0.0,476.1120136882121,477.68828841206226,477.0062962121359,475.7101981739165
3.960000000000003,5.417261769777255,10.94531986923337,22.19180830976527,0.6404889036843597,5.938679577406848,0.0,4.713247166753031,9.115325451143358,2.3250638413964158,0.18639176044140887,-0.15441121797014598,0.0,464.89801539959956,465.399973460933,465.0733598321529,465.0902550948941
4.020000000000002,5.704086618953928,11.498060846872834,22.323834760880064,0.6516680245286794,5.929728487514074,0.0,4.847938894375861,9.309202429365138,2.0754125669906793,0.18617235050312889,-0.14038352936791662,0.0,414.67565556292334,415.8838017059663,415.3477114557599,415.36481913591047
4.080000000000001,5.999810472385366,12.063627723679987,22.442407293457933,0.6626818766979827,5.920999057020655,0.0,5.009724193658656,9.542576904129348,1.8761229935087707,0.17776794402924467,-0.15839261415364828,0.0,439.6732752697478,438.1576979377385,439.1954572709312,438.53064381124517
4.14,6.305421850823734,12.643319329235004,22.549126086745197,0.6729541585423906,5.911593485231265,0.0,5.177547231482899,9.77988685500072,1.680231499536499,0.15298223795536933,-0.15368235351604007,0.0,443.03554768178094,443.39945709390884,443.6517472371973,441.6389656551971
4.199999999999998,6.621921963586526,13.238359705123058,22.6454581790951,0.6823260106152427,5.902451894819837,0.0,5.372542865740172,10.05384178340457,1.529546251903622,0.161950179330502,-0.14984101639902078,0.0,465.21078657629715,465.49084163361573,463.88773768186695,464.61353688170504
4.259999999999997,6.950644781407886,13.850446678887812,22.733470422911935,0.6923345058274251,5.894044553511975,0.0,5.584807075989454,10.347936069469231,1.4025870967057343,0.17507644606398506,-0.1256005591152439,0.0,477.4205205059495,479.2499929286549,477.82858893152144,478.85284498927706
4.319999999999996,7.292001172468774,14.479838226444581,22.813400121082434,0.7031141939963117,5.886537774008431,0.0,5.793538549170555,10.630724988538669,1.2601879712494,0.18752720640263063,-0.1241562227514891,0.0,475.7274398625367,475.82496619845136,476.5320872601371,477.51184910216017
4.379999999999995,7.643340182045725,15.122133186778074,22.87994822307539,0.7140928942520581,5.878848019380008,0.0,5.917999315721843,10.778913985640159,0.9580665930620773,0.17184805645836976,-0.13769268403360407,0.0,409.9316181143821,408.7096710677378,408.0980104267599,406.7309501386139
4.439999999999993,8.005003096118827,15.777560921720056,22.93329496596319,0.7249909179785661,5.870880802035185,0.0,6.137155082814398,11.067400991283481,0.8184710247357778,0.19622756182195283,-0.12444716057563769,0.0,483.17095150012057,484.1541370708713,481.16382331827526,483.0351913050144
4.499999999999992,8.377537687682931,16.44669199568773,22.9741542151024,0.7367640824738144,5.863463320708814,0.0,6.280733158847627,11.236526580485434,0.5431170766542411,0.19620312327465525,-0.12203006424775088,0.0,425.50503338125867,425.69740817884446,426.9530836181483,426.9903376454736
4.559999999999991,8.759968997191045,17.12779000587803,23.000511491209096,0.7492354427371613,5.856411374726834,0.0,6.466731740468458,11.465820959952747,0.3343024282673861,0.22447033420991636,-0.10979288720641305,0.0,458.16840100891403,459.1287054655768,458.421128816991,460.7027671325322
4.6199999999999894,9.155517590702875,17.82548294709986,23.017329869579072,0.7633283185315953,5.851305995195233,0.0,6.717340154033943,11.78905091269501,0.22389598716216175,0.25016670131624213,-0.058033480474837834,0.0,503.33253184528814,507.0598047028291,506.18543778012423,508.0786780381485
4.679999999999988,9.56317646482388,18.53816766324604,23.022780773340532,0.7784912060762812,5.847676849535221,0.0,6.870913780882676,11.966607520265395,-0.04294784997566296,0.257368390251683,-0.06590420352664968,0.0,442.2845946162226,441.6329196723953,441.70196948817085,442.36014857557603
4.739999999999987,9.97977347291042,19.261099090113635,23.01176277986921,0.793542654909813,5.843853608573392,0.0,7.015326946725812,12.130630385386072,-0.32495319360798713,0.2328683973267302,-0.059678608550257174,0.0,436.2097057956069,436.72649747226194,438.4338787921911,436.4560554667246
4.799999999999986,10.40421788171023,19.992630640187315,22.982590946610795,0.8079294424647294,5.8403373700067505,0.0,7.132694904979605,12.253514553103665,-0.6475081774809913,0.2508758194824315,-0.05653782473669912,0.0,417.566201737755,417.83762016013765,416.7670720119445,418.39979008656996
4.859999999999984,10.837244841711604,20.733880135517918,22.93632361608108,0.8229131014742306,5.836472621639725,0.0,7.300932268606254,12.453923734457478,-0.8957822734688529,0.2473316792174347,-0.08885326789266473,0.0,457.88858666500715,455.30588223783917,457.09749459021225,456.8754771750776
4.919999999999983,11.279549195572738,21.485893980347303,22.87395682547192,0.8374038508394621,5.830908889186713,0.0,7.442225800792476,12.612494311918121,-1.183741682158297,0.22617192911015713,-0.10188995362491579,0.0,440.41395859284154,439.3263331340971,440.7302498256228,439.03542798400275
4.979999999999982,11.72924959898229,22.24571385611376,22.7927959646237,0.851172825239801,5.825420349226313,0.0,7.547762111160101,12.714494430072575,-1.5215615926529535,0.23538542929457226,-0.07617173858182667,0.0,413.6250236103874,415.87702874323617,413.53119283613773,414.3989056959398
5.0399999999999805,12.186908320082011,23.014086407860123,22.693557375592516,0.8657575657993775,5.8209554527787155,0.0,7.706955891292871,12.896902960140332,-1.7872642034057311,0.25517525984277023,-0.07111625085409214,0.0,454.2383669959038,454.6396134362404,453.202234240843,454.8480269756293
